339
42
175
307
417
130
51
224
-1
185
218
18
129
-1
104
92
354
-1
2
164
-1
-1
-1
189
453
506
27
237
-1
20
-1
-1
495
4
-1
-1
-1
27
-1
261
231
-1
-1
4
-1
132
160
-1
104
-1
143
418
-1
136
126
51
377
48
376
208
-1
51
56
272
14
101
180
-1
8
60
284
367
-1
88
102
-1
464
31
53
34
115
247
203
223
445
11
51
308
211
134
-1
140
-1
-1
-1
-1
152
83
115
470
84
-1
-1
25
-1
-1
-1
92
331
6
35
-1
-1
221
-1
-1
-1
87
-1
448
199
-1
-1
59
87
227
23
20
7
120
14
100
90
211
-1
275
31
-1
120
432
-1
48
49
11
57
169
-1
488
12
70
-1
112
46
22
126
56
154
356
276
89
382
13
17
49
146
191
-1
23
1
79
14
-1
235
52
54
-1
259
39
100
209
334
121
-1
-1
-1
165
39
44
-1
329
-1
-1
-1
386
150
5
-1
-1
-1
-1
57
-1
-1
242
80
30
-1
18
76
144
216
169
23
23
15
417
42
82
-1
173
89
-1
-1
85
-1
46
59
-1
145
86
-1
-1
261
162
281
-1
53
-1
411
155
243
8
57
292
-1
72
-1
138
195
268
157
368
-1
129
426
1
123
89
295
-1
160
-1
20
-1
452
-1
-1
30
85
-1
43
105
57
190
5
186
24
-1
159
182
109
-1
53
32
111
-1
-1
356
65
-1
45
105
12
-1
-1
372
392
209
277
220
-1
-1
268
83
417
50
15
206
12
-1
214
-1
270
195
265
-1
360
-1
-1
16
287
-1
29
168
175
485
62
269
60
68
34
82
-1
42
39
148
54
64
57
90
19
228
-1
-1
-1
31
-1
334
77
236
41
348
129
285
335
-1
-1
194
44
88
320
58
-1
-1
30
229
508
127
-1
214
-1
115
327
204
63
117
111
17
171
-1
25
-1
329
302
282
381
18
48
305
203
152
163
-1
114
50
-1
80
29
10
133
4
-1
103
158
184
332
175
165
102
278
-1
29
94
-1
389
-1
45
-1
196
-1
339
-1
92
-1
465
503
80
-1
66
6
26
86
-1
104
-1
45
-1
-1
16
321
28
-1
349
-1
92
122
188
90
-1
228
25
-1
93
409
292
222
408
-1
452
185
-1
-1
-1
486
-1
-1
-1
-1
467
217
106
-1
0
207
143
-1
218
122
-1
70
-1
13
2
29
7
23
10
49
12
40
11
5
75
21
131
8
9
27
5
31
6
95
386
-1
49
-1
64
202
-1
30
261
312
376
-1
459
159
-1
-1
-1
57
-1
31
119
-1
41
-1
365
-1
140
463
222
-1
61
79
29
-1
151
365
110
290
319
413
35
101
50
212
-1
-1
133
-1
66
377
-1
102
174
-1
477
109
451
-1
22
-1
-1
-1
-1
-1
-1
-1
-1
-1
-1
-1
-1
-1
-1
-1
-1
-1
-1
-1
-1
-1
6
-1
42
-1
-1
30
38
-1
-1
247
35
-1
468
-1
-1
-1
-1
-1
71
-1
-1
7
-1
-1
-1
-1
-1
-1
-1
-1
-1
-1
-1
-1
-1
-1
19
86
291
119
-1
508
-1
-1
96
70
178
350
22
-1
303
65
-1
67
506
282
-1
25
-1
285
-1
145
-1
-1
-1
166
14
17
-1
-1
43
388
295
-1
14
488
34
-1
-1
15
7
209
12
181
141
17
431
92
23
500
38
5
60
2
176
65
61
23
30
307
-1
-1
269
260
336
384
36
154
-1
-1
-1
-1
498
486
134
-1
-1
-1
-1
62
103
91
408
7
76
-1
-1
28
59
-1
1
73
-1
-1
-1
-1
-1
-1
218
-1
-1
-1
-1
-1
-1
-1
-1
-1
-1
-1
-1
-1
-1
-1
-1
-1
-1
-1
-1
9
90
52
13
31
40
67
40
142
8
48
50
18
50
1
29
11
446
93
26
-1
26
-1
-1
238
29
26
100
364
-1
87
19
11
-1
300
-1
245
87
232
-1
-1
373
260
34
47
21
24
-1
356
-1
44
113
26
149
-1
18
399
137
144
33
107
34
13
23
478
40
-1
60
-1
257
-1
49
366
-1
171
53
-1
37
13
160
43
20
259
-1
-1
203
133
-1
-1
-1
72
83
-1
71
439
-1
62
157
373
-1
-1
113
123
367
205
341
-1
-1
277
-1
215
-1
76
-1
42
299
-1
204
24
311
42
-1
120
155
218
-1
81
-1
155
-1
-1
-1
6
428
420
114
3
203
134
-1
133
112
-1
62
-1
-1
7
3
-1
-1
128
-1
-1
0
-1
110
303
109
