135
18
-1
300
398
-1
160
438
-1
-1
104
99
-1
275
125
-1
-1
-1
-1
161
194
-1
133
-1
-1
-1
470
-1
-1
151
-1
-1
-1
38
-1
-1
286
23
227
-1
-1
81
-1
-1
356
118
-1
-1
13
-1
164
-1
-1
240
48
262
-1
54
-1
146
-1
62
102
-1
-1
-1
20
-1
-1
151
158
97
-1
-1
-1
-1
-1
73
86
58
119
290
302
-1
-1
481
392
-1
-1
68
297
353
177
-1
-1
-1
132
503
211
-1
-1
-1
-1
155
-1
400
-1
-1
216
43
107
406
136
-1
-1
328
311
74
-1
-1
409
-1
-1
58
103
-1
148
376
404
417
4
-1
427
45
-1
-1
5
-1
-1
-1
-1
27
20
96
81
117
-1
-1
11
421
20
79
181
-1
95
-1
-1
73
16
-1
48
163
114
61
51
210
-1
152
32
473
115
-1
-1
494
451
-1
-1
-1
23
-1
279
6
-1
434
-1
273
28
110
143
141
14
-1
-1
189
15
51
-1
-1
7
165
89
149
-1
-1
137
44
-1
30
11
11
47
66
36
-1
321
59
506
22
-1
71
332
-1
-1
-1
376
91
287
-1
104
238
-1
-1
44
338
5
-1
101
235
191
-1
207
36
161
-1
41
149
-1
-1
22
62
390
30
-1
86
-1
122
85
255
76
-1
-1
-1
-1
-1
366
240
-1
246
143
-1
99
356
64
24
6
16
501
-1
415
-1
118
45
1
365
-1
-1
132
-1
-1
-1
-1
66
41
64
-1
76
-1
278
102
170
261
-1
170
-1
336
33
9
182
13
139
493
-1
-1
-1
-1
297
148
239
455
171
389
-1
-1
-1
-1
198
38
-1
-1
305
-1
148
-1
118
-1
-1
-1
-1
338
243
18
279
-1
147
-1
241
-1
191
34
315
306
-1
384
125
-1
-1
-1
175
8
45
-1
9
416
124
102
230
-1
-1
421
208
52
120
126
-1
182
-1
290
-1
-1
18
-1
16
-1
-1
-1
-1
94
92
163
-1
74
-1
40
-1
54
-1
-1
286
-1
-1
38
-1
179
85
117
240
172
-1
497
-1
-1
66
165
-1
88
500
29
177
-1
-1
147
-1
261
368
-1
115
190
-1
130
476
333
-1
266
117
509
196
-1
-1
87
435
7
-1
56
-1
41
70
-1
73
-1
65
102
57
-1
270
341
260
214
-1
-1
25
-1
-1
-1
-1
-1
390
234
174
-1
26
63
404
88
59
-1
69
71
200
-1
-1
-1
389
19
-1
128
119
111
-1
-1
-1
291
32
427
303
228
302
1
-1
-1
79
460
85
70
-1
-1
44
46
-1
115
200
-1
-1
-1
-1
219
128
-1
110
-1
-1
-1
388
330
-1
160
-1
-1
-1
29
-1
96
-1
-1
361
20
-1
459
-1
490
396
-1
-1
-1
71
-1
222
-1
-1
158
-1
-1
-1
-1
24
97
-1
-1
419
-1
-1
-1
-1
385
134
407
-1
38
111
208
66
279
-1
70
-1
48
-1
181
12
-1
309
-1
-1
245
-1
224
-1
-1
4
-1
238
-1
335
-1
-1
-1
-1
-1
179
-1
-1
-1
51
404
17
-1
-1
-1
-1
138
250
-1
-1
-1
-1
230
-1
-1
-1
44
170
235
8
308
226
-1
501
-1
279
179
-1
341
-1
-1
116
-1
496
218
143
-1
52
-1
23
-1
320
-1
-1
-1
290
137
158
122
-1
74
154
-1
366
-1
93
61
-1
278
12
372
-1
119
-1
-1
-1
305
-1
56
-1
40
-1
-1
288
-1
-1
-1
166
-1
465
-1
-1
278
253
-1
-1
321
74
-1
496
-1
-1
18
45
-1
-1
-1
-1
-1
212
44
-1
-1
25
91
-1
-1
-1
127
477
40
199
-1
-1
-1
306
-1
-1
294
402
30
3
448
-1
124
-1
-1
46
-1
-1
-1
120
160
336
159
27
156
-1
-1
42
-1
268
-1
367
145
52
303
378
82
67
502
124
-1
385
-1
40
-1
234
442
-1
-1
-1
-1
-1
10
247
-1
-1
-1
78
-1
307
-1
2
-1
-1
-1
-1
-1
1
-1
14
295
126
16
83
-1
253
-1
234
-1
-1
237
-1
334
-1
-1
301
381
-1
89
111
-1
-1
344
67
74
51
30
-1
31
220
-1
377
254
-1
10
91
118
56
-1
162
-1
-1
-1
165
483
346
392
48
-1
-1
53
166
181
330
-1
-1
281
-1
99
81
41
27
-1
159
-1
387
276
117
285
74
-1
1
187
-1
-1
79
-1
196
-1
-1
-1
319
-1
81
-1
80
205
231
-1
64
126
317
-1
122
70
-1
-1
-1
-1
479
24
169
-1
-1
-1
-1
-1
43
-1
240
-1
76
145
399
283
