170
106
291
-1
-1
-1
115
467
-1
64
77
37
455
-1
242
187
-1
-1
-1
94
-1
-1
160
-1
-1
-1
343
193
460
11
-1
-1
38
461
-1
-1
-1
36
232
-1
186
-1
-1
140
62
230
447
-1
-1
410
-1
509
2
69
19
481
-1
29
-1
-1
-1
205
409
9
-1
284
148
-1
-1
34
94
-1
-1
-1
-1
-1
-1
174
17
66
-1
266
224
-1
-1
-1
437
48
-1
-1
-1
-1
-1
154
-1
-1
47
-1
101
-1
152
468
-1
162
-1
-1
-1
-1
446
94
297
47
-1
12
18
170
-1
103
-1
208
362
187
-1
117
103
-1
405
384
24
128
28
-1
-1
16
-1
-1
65
189
5
-1
-1
2
112
20
336
-1
-1
-1
146
415
-1
91
10
-1
114
47
214
238
-1
-1
278
38
104
18
36
-1
-1
-1
41
412
1
77
158
190
-1
-1
-1
355
230
-1
274
296
-1
-1
380
-1
167
411
38
270
-1
157
-1
156
328
8
-1
490
356
30
312
-1
278
-1
175
72
-1
90
-1
10
439
-1
332
-1
70
-1
13
87
-1
508
7
-1
317
-1
-1
38
268
172
43
-1
-1
-1
-1
461
110
-1
159
-1
352
-1
-1
306
206
-1
-1
0
-1
-1
-1
273
-1
36
-1
369
143
326
-1
155
33
-1
-1
-1
334
-1
308
-1
309
198
256
-1
68
78
143
-1
81
407
239
-1
-1
442
31
-1
116
494
194
-1
251
28
-1
-1
348
264
148
99
-1
230
-1
160
-1
234
-1
275
-1
306
437
178
188
-1
14
-1
-1
-1
217
405
62
-1
111
487
460
-1
89
-1
-1
-1
242
-1
127
-1
-1
-1
297
30
-1
510
182
-1
-1
3
196
48
34
448
-1
-1
-1
-1
344
216
370
183
185
97
48
332
-1
-1
-1
68
84
61
298
308
341
-1
26
-1
-1
-1
-1
56
-1
459
54
-1
78
-1
88
-1
-1
254
-1
155
-1
-1
-1
-1
122
-1
-1
-1
63
76
-1
-1
60
-1
478
368
63
-1
1
-1
160
68
63
-1
101
200
398
-1
348
44
-1
469
74
136
69
-1
-1
-1
-1
-1
33
50
47
289
245
-1
33
73
-1
-1
103
183
-1
136
-1
-1
-1
-1
24
-1
508
-1
25
16
-1
21
-1
34
154
-1
301
-1
-1
-1
-1
84
293
119
-1
-1
-1
-1
502
-1
87
412
-1
73
141
-1
39
-1
220
-1
-1
3
-1
82
-1
-1
146
-1
86
20
253
-1
405
-1
20
160
449
-1
-1
87
20
433
403
-1
259
44
354
-1
-1
34
161
36
485
-1
-1
108
402
66
117
248
-1
-1
-1
151
252
59
-1
-1
465
-1
283
-1
67
411
360
-1
272
-1
212
-1
-1
66
5
112
-1
-1
220
30
-1
-1
-1
-1
202
-1
-1
-1
308
18
147
246
16
39
205
422
125
-1
289
-1
119
150
193
131
457
132
-1
503
262
-1
-1
-1
96
-1
-1
168
276
-1
454
-1
88
-1
-1
66
-1
22
170
-1
-1
-1
-1
-1
-1
95
-1
-1
-1
88
-1
6
307
-1
-1
-1
290
-1
-1
-1
-1
-1
128
-1
67
-1
13
56
303
375
-1
220
363
261
43
-1
316
383
-1
-1
373
46
-1
469
430
482
-1
26
56
33
244
8
-1
156
-1
24
55
8
57
-1
184
158
379
-1
0
-1
128
-1
-1
76
-1
-1
8
-1
-1
223
-1
-1
501
-1
145
-1
149
94
359
75
-1
-1
100
446
351
-1
239
292
-1
473
33
286
-1
-1
-1
-1
346
6
15
-1
-1
-1
-1
247
111
-1
-1
89
-1
395
-1
-1
164
-1
44
221
-1
-1
-1
-1
331
-1
335
191
74
24
-1
226
183
32
-1
94
206
29
-1
268
-1
-1
130
65
269
-1
352
70
-1
295
207
48
35
99
78
30
377
62
-1
381
-1
120
393
74
-1
-1
-1
-1
-1
-1
-1
342
82
157
-1
171
-1
95
-1
503
-1
185
225
-1
150
178
-1
-1
-1
228
193
279
17
-1
406
-1
-1
2
-1
-1
-1
404
25
-1
443
273
138
88
438
274
112
-1
317
-1
149
23
16
-1
30
207
-1
-1
277
241
26
164
336
61
-1
-1
-1
-1
-1
-1
-1
-1
-1
494
-1
-1
7
165
-1
129
297
-1
-1
-1
199
75
-1
114
-1
-1
-1
69
439
334
217
61
-1
10
480
101
-1
58
283
132
120
72
453
122
199
18
-1
60
319
165
-1
194
186
-1
-1
82
25
418
-1
143
-1
257
-1
-1
-1
252
58
-1
476
197
-1
-1
-1
-1
15
-1
54
