320
4
462
348
-1
-1
9
253
-1
176
71
19
-1
-1
-1
359
-1
-1
-1
7
-1
291
68
68
-1
-1
194
68
-1
13
-1
-1
-1
70
-1
-1
-1
1
175
-1
-1
24
-1
362
-1
480
321
381
423
-1
78
162
322
-1
260
101
50
53
-1
486
-1
63
-1
-1
-1
-1
2
-1
-1
151
61
58
141
-1
123
-1
36
76
52
154
-1
128
335
344
37
32
226
23
30
-1
407
178
-1
-1
419
-1
103
145
347
-1
-1
113
-1
161
-1
-1
395
160
-1
76
110
-1
-1
143
-1
-1
503
112
184
230
467
65
-1
20
313
334
17
340
80
104
3
484
-1
172
-1
491
39
-1
229
107
-1
73
118
44
384
86
122
-1
-1
497
15
81
8
-1
46
374
-1
105
64
-1
172
63
51
7
62
371
199
424
206
87
71
-1
180
-1
11
261
-1
-1
9
-1
115
-1
295
367
-1
-1
49
-1
53
48
-1
-1
-1
285
315
-1
-1
-1
59
-1
338
314
29
-1
309
133
-1
90
-1
20
123
39
188
-1
115
323
182
59
-1
251
438
-1
-1
-1
35
21
432
-1
90
34
-1
-1
491
74
498
-1
45
97
482
-1
107
128
348
-1
-1
89
213
-1
177
8
359
1
15
-1
-1
107
311
-1
83
-1
-1
-1
-1
498
323
-1
388
16
50
-1
137
94
282
52
7
146
485
-1
485
-1
106
-1
16
324
-1
-1
-1
-1
179
-1
65
19
55
-1
318
152
-1
134
-1
467
-1
40
308
275
158
171
380
-1
32
228
-1
-1
182
69
55
-1
118
120
404
130
212
-1
293
-1
203
394
14
-1
-1
-1
177
-1
-1
17
-1
-1
-1
-1
-1
91
72
-1
-1
-1
-1
351
161
-1
-1
448
252
-1
36
-1
242
-1
297
174
98
40
332
244
-1
-1
119
198
-1
-1
-1
420
-1
356
143
206
371
229
169
444
-1
8
-1
87
-1
387
-1
422
50
312
39
-1
-1
208
-1
-1
77
-1
-1
-1
-1
-1
13
-1
122
81
70
138
267
-1
-1
219
470
57
-1
-1
-1
264
47
324
-1
-1
247
470
-1
40
352
-1
32
150
51
18
63
181
31
-1
-1
114
474
216
149
-1
45
-1
398
19
141
217
-1
176
-1
8
70
-1
172
387
11
-1
-1
267
-1
146
-1
180
362
-1
-1
-1
330
-1
-1
29
112
-1
26
-1
170
472
180
-1
-1
-1
399
23
56
-1
151
131
147
-1
17
120
-1
207
-1
107
-1
113
249
494
63
-1
32
5
105
-1
-1
332
31
62
502
258
181
-1
-1
-1
373
432
-1
-1
-1
163
-1
105
265
-1
43
401
-1
-1
126
92
-1
-1
-1
206
6
-1
365
144
292
-1
-1
-1
-1
116
-1
452
-1
50
231
-1
-1
-1
365
51
152
-1
-1
164
103
171
260
-1
56
121
263
16
2
-1
433
-1
478
-1
160
426
-1
103
102
-1
56
146
-1
-1
369
-1
336
-1
-1
23
177
11
386
22
-1
-1
432
-1
-1
-1
-1
-1
-1
100
-1
18
425
-1
-1
-1
-1
442
475
-1
-1
-1
-1
336
-1
-1
68
235
-1
183
32
-1
-1
-1
215
-1
163
-1
-1
-1
302
336
103
-1
226
151
144
35
101
9
259
55
431
45
-1
254
117
87
-1
-1
159
5
257
-1
158
395
69
271
-1
97
-1
-1
98
376
197
-1
-1
-1
93
81
155
-1
-1
165
-1
-1
230
233
107
121
-1
-1
89
243
-1
-1
99
75
-1
-1
-1
-1
-1
474
186
-1
-1
-1
-1
86
246
105
-1
1
92
-1
503
21
232
386
366
13
325
389
-1
-1
97
-1
18
128
-1
57
-1
-1
110
-1
-1
272
13
287
-1
23
-1
-1
190
259
-1
-1
477
43
93
-1
37
194
-1
28
90
-1
491
208
-1
150
365
172
21
68
-1
-1
279
-1
-1
-1
-1
267
48
4
-1
229
84
2
264
50
-1
182
-1
-1
137
28
-1
-1
-1
246
44
99
14
124
-1
279
307
136
-1
-1
83
-1
42
353
44
-1
-1
-1
28
0
-1
-1
-1
-1
2
-1
81
-1
18
94
-1
94
145
-1
72
53
-1
109
-1
305
-1
-1
310
187
326
17
277
113
-1
6
382
-1
363
82
27
-1
375
-1
324
330
5
57
-1
-1
-1
505
-1
113
298
44
-1
7
27
-1
22
116
407
86
-1
-1
85
490
-1
224
-1
323
303
106
-1
137
86
-1
-1
18
230
33
-1
154
-1
-1
207
-1
-1
18
177
-1
-1
135
-1
-1
385
-1
-1
189
11
