93
213
357
-1
507
202
11
-1
193
-1
81
52
-1
345
473
179
362
-1
-1
99
-1
-1
196
483
-1
282
410
90
325
90
-1
-1
69
102
-1
-1
2
12
-1
511
432
-1
-1
-1
-1
-1
-1
-1
-1
-1
-1
-1
-1
61
190
90
403
208
-1
50
-1
178
16
-1
401
250
99
142
151
37
324
-1
-1
-1
138
15
-1
13
140
106
480
45
54
-1
116
-1
323
75
299
-1
417
-1
-1
-1
57
-1
164
-1
200
-1
15
-1
-1
212
-1
-1
-1
-1
-1
48
16
113
-1
498
324
-1
-1
5
378
139
340
-1
-1
31
66
325
169
276
44
-1
8
-1
272
28
-1
18
103
-1
2
-1
-1
308
91
64
240
-1
-1
160
8
112
209
295
49
-1
74
423
-1
41
456
-1
119
135
42
60
64
107
-1
243
292
7
243
-1
393
95
299
-1
-1
367
-1
-1
106
139
-1
232
-1
235
88
482
171
71
-1
-1
-1
203
18
-1
-1
-1
138
-1
175
69
109
249
252
-1
-1
17
-1
58
247
194
471
-1
81
-1
220
80
-1
61
136
-1
-1
-1
-1
12
12
-1
228
31
-1
-1
48
263
178
-1
68
176
510
-1
121
286
-1
473
-1
52
134
-1
235
160
-1
152
-1
307
346
191
192
45
147
-1
113
-1
7
-1
-1
-1
-1
98
414
-1
42
228
-1
-1
23
25
176
-1
-1
511
157
-1
1
-1
-1
-1
-1
128
-1
-1
-1
300
97
255
-1
77
33
-1
-1
47
505
-1
105
-1
506
41
94
-1
39
-1
210
-1
-1
-1
-1
-1
-1
431
-1
220
-1
-1
102
16
469
445
147
-1
146
-1
-1
280
-1
1
198
-1
-1
-1
10
-1
74
391
-1
-1
-1
85
-1
-1
89
-1
209
229
92
-1
98
-1
-1
31
8
76
124
-1
-1
499
152
244
-1
-1
-1
130
286
71
20
-1
53
-1
22
-1
-1
57
-1
309
63
400
-1
-1
113
-1
-1
88
40
-1
113
260
85
-1
-1
-1
-1
114
8
-1
160
-1
63
106
131
205
297
70
214
82
-1
363
165
66
105
110
-1
-1
62
441
-1
385
-1
-1
39
381
38
340
78
-1
97
368
-1
15
-1
234
440
-1
53
-1
355
-1
17
64
-1
-1
-1
-1
52
126
-1
228
-1
35
-1
-1
210
1
-1
456
-1
-1
-1
-1
285
-1
406
64
138
451
43
176
-1
5
-1
354
-1
56
-1
64
43
-1
186
118
242
-1
-1
-1
-1
283
-1
384
-1
171
41
-1
212
-1
39
62
16
-1
-1
-1
38
-1
-1
171
-1
32
-1
-1
-1
203
231
-1
-1
-1
-1
52
-1
-1
57
59
189
-1
-1
-1
147
-1
384
-1
209
-1
7
104
0
136
-1
-1
-1
209
-1
-1
88
-1
63
-1
176
-1
-1
6
138
-1
65
84
11
363
19
-1
219
387
-1
269
107
59
-1
44
-1
-1
84
236
160
-1
18
419
-1
271
139
452
-1
-1
53
-1
-1
96
249
79
-1
-1
16
-1
-1
-1
-1
-1
-1
-1
-1
132
41
67
379
-1
-1
-1
-1
184
-1
-1
-1
-1
147
42
468
372
82
102
6
80
-1
-1
-1
-1
41
111
218
-1
-1
344
162
21
-1
149
249
-1
462
104
259
11
17
158
-1
-1
64
174
224
50
127
-1
9
-1
275
-1
70
165
175
79
345
21
326
-1
72
-1
153
-1
-1
-1
181
244
457
-1
-1
115
2
-1
-1
-1
248
147
127
-1
187
194
229
100
167
25
86
-1
-1
-1
-1
70
79
-1
63
-1
-1
11
1
88
-1
59
244
70
56
-1
233
-1
82
34
-1
-1
-1
-1
-1
287
199
325
156
35
-1
289
81
-1
-1
-1
-1
15
-1
93
307
-1
-1
37
-1
81
237
66
-1
-1
112
-1
437
14
510
-1
-1
110
113
-1
-1
-1
93
285
-1
58
-1
56
-1
-1
-1
273
77
443
-1
54
429
78
72
146
399
7
-1
73
158
-1
-1
277
-1
235
487
94
9
184
24
486
-1
144
362
-1
316
75
-1
-1
-1
486
160
71
151
26
-1
-1
-1
-1
46
188
59
-1
228
97
-1
160
403
-1
169
115
93
59
252
135
225
109
-1
0
-1
315
-1
286
-1
-1
47
-1
22
164
-1
-1
302
-1
363
102
-1
166
-1
-1
-1
41
371
86
75
55
-1
97
-1
100
476
357
247
189
352
101
61
347
-1
55
-1
340
349
259
-1
111
102
336
-1
42
-1
83
-1
64
155
-1
45
-1
-1
-1
29
-1
-1
86
-1
-1
98
-1
81
472
350
