-1
114
-1
225
-1
-1
42
-1
-1
504
49
31
13
-1
1
-1
107
-1
-1
-1
-1
-1
126
-1
-1
-1
383
195
-1
131
-1
-1
176
-1
-1
-1
-1
46
-1
224
-1
-1
194
-1
260
-1
103
-1
-1
-1
-1
122
-1
233
459
49
193
18
-1
26
-1
44
289
106
404
-1
34
112
433
73
456
-1
-1
-1
244
-1
5
31
39
43
-1
317
154
-1
-1
-1
-1
144
150
-1
-1
-1
-1
-1
92
-1
45
-1
-1
-1
-1
409
-1
277
-1
-1
-1
-1
-1
235
140
326
-1
209
-1
-1
-1
83
-1
431
-1
-1
-1
48
-1
211
37
-1
-1
-1
19
-1
-1
-1
-1
53
45
-1
374
-1
-1
451
213
16
289
-1
-1
-1
-1
446
-1
239
75
-1
59
156
-1
313
-1
-1
99
24
162
201
26
339
91
-1
171
-1
124
-1
-1
-1
70
-1
-1
-1
188
-1
365
57
-1
404
-1
-1
386
-1
-1
56
-1
-1
-1
491
135
-1
-1
-1
-1
-1
369
-1
-1
-1
47
377
-1
74
45
15
-1
50
-1
125
149
-1
-1
4
-1
10
244
-1
-1
-1
-1
18
-1
-1
124
-1
-1
-1
-1
165
175
-1
167
201
50
-1
-1
57
-1
-1
-1
37
-1
-1
-1
479
118
149
-1
341
-1
77
-1
507
125
-1
-1
209
-1
-1
299
-1
497
34
176
196
124
-1
322
-1
57
152
-1
-1
424
12
51
-1
446
-1
-1
493
-1
-1
-1
-1
-1
-1
18
-1
321
437
102
-1
-1
507
-1
167
298
245
386
396
82
6
227
-1
-1
-1
270
-1
-1
-1
217
-1
-1
123
-1
-1
354
-1
-1
-1
16
-1
-1
-1
54
-1
-1
-1
247
-1
200
-1
410
352
213
293
44
-1
286
-1
120
-1
75
354
237
-1
-1
-1
452
-1
-1
-1
115
49
131
127
429
-1
201
369
229
-1
-1
168
488
-1
0
-1
326
-1
288
-1
-1
247
-1
452
-1
-1
-1
-1
-1
126
-1
-1
360
65
49
-1
3
202
361
259
-1
492
15
-1
-1
369
163
67
169
-1
-1
342
-1
403
-1
-1
-1
144
183
-1
-1
-1
318
-1
-1
-1
-1
-1
208
-1
210
341
105
-1
19
59
-1
203
-1
-1
220
-1
92
359
-1
334
-1
397
-1
-1
-1
-1
72
-1
-1
-1
-1
-1
210
-1
91
-1
-1
-1
114
-1
-1
-1
305
256
-1
28
46
-1
142
-1
-1
-1
504
231
499
379
-1
240
67
180
226
154
247
-1
-1
-1
-1
-1
-1
-1
-1
128
318
-1
-1
216
17
274
-1
-1
-1
-1
123
477
-1
384
354
125
294
-1
102
203
-1
213
120
164
-1
259
-1
-1
181
-1
-1
476
15
-1
-1
-1
-1
-1
194
-1
509
49
314
-1
-1
-1
485
-1
-1
-1
-1
-1
448
-1
406
-1
-1
117
479
371
-1
120
-1
-1
289
-1
39
-1
-1
321
20
-1
8
291
235
-1
100
-1
94
274
328
-1
-1
-1
-1
-1
-1
-1
-1
-1
306
115
-1
-1
-1
-1
229
-1
-1
-1
-1
347
-1
-1
-1
128
-1
78
-1
-1
288
94
235
97
3
-1
-1
-1
-1
-1
276
-1
-1
28
-1
175
-1
117
319
-1
50
-1
248
-1
-1
-1
-1
113
-1
105
-1
241
-1
-1
-1
485
197
139
-1
-1
352
-1
378
383
449
-1
72
264
1
-1
116
94
62
-1
371
341
-1
-1
207
-1
-1
-1
-1
245
314
-1
227
-1
-1
226
372
-1
374
-1
-1
-1
-1
-1
350
474
-1
-1
164
114
-1
-1
-1
-1
-1
144
266
-1
365
64
-1
-1
3
-1
-1
20
355
-1
-1
-1
128
-1
133
-1
-1
-1
-1
-1
-1
-1
-1
-1
-1
271
-1
-1
155
-1
-1
199
-1
333
-1
26
-1
-1
-1
-1
-1
-1
442
84
-1
446
-1
-1
386
241
-1
-1
-1
237
498
135
-1
148
-1
-1
-1
-1
18
-1
-1
-1
-1
30
342
-1
-1
-1
-1
157
-1
-1
-1
86
-1
-1
-1
140
-1
-1
-1
105
467
39
33
251
29
-1
-1
0
-1
-1
387
-1
325
11
-1
-1
104
450
-1
280
-1
-1
-1
-1
14
190
-1
-1
7
-1
-1
366
447
-1
98
301
227
105
-1
152
503
-1
-1
-1
-1
-1
-1
368
-1
177
60
-1
-1
133
338
-1
-1
-1
-1
469
51
460
431
-1
-1
383
238
54
-1
-1
-1
133
-1
271
-1
36
459
-1
-1
333
117
89
-1
-1
-1
-1
483
-1
399
32
171
178
-1
-1
-1
281
456
364
-1
-1
70
-1
-1
-1
173
440
-1
168
-1
274
-1
-1
-1
-1
226
