58
55
-1
-1
-1
293
254
-1
-1
401
236
65
-1
161
374
-1
-1
-1
-1
-1
-1
-1
-1
-1
-1
-1
-1
309
-1
75
435
-1
48
321
-1
-1
-1
91
-1
-1
-1
-1
-1
-1
95
-1
239
-1
-1
-1
54
108
-1
-1
43
229
59
280
-1
275
-1
-1
-1
-1
-1
-1
46
-1
-1
120
-1
216
-1
-1
169
-1
-1
72
7
-1
-1
91
8
-1
-1
483
-1
-1
115
-1
-1
117
-1
-1
221
-1
15
-1
-1
-1
-1
229
-1
9
-1
-1
-1
-1
-1
481
33
-1
-1
229
295
-1
-1
146
-1
317
-1
-1
303
95
404
-1
-1
-1
-1
-1
131
-1
-1
326
-1
511
426
-1
136
-1
-1
398
202
383
89
238
-1
-1
141
-1
-1
124
1
-1
81
-1
-1
474
-1
-1
90
175
376
316
134
140
291
375
-1
-1
299
-1
-1
255
-1
-1
-1
187
-1
-1
-1
86
-1
31
-1
-1
35
-1
-1
462
-1
-1
-1
236
85
-1
-1
-1
-1
-1
271
104
-1
-1
211
361
332
26
-1
21
-1
319
51
-1
399
-1
-1
4
-1
382
-1
-1
-1
182
422
-1
-1
-1
21
95
-1
238
429
53
285
62
194
-1
-1
-1
358
150
-1
-1
-1
19
-1
-1
274
176
-1
299
25
34
381
12
396
-1
344
-1
-1
-1
291
-1
-1
-1
127
360
301
-1
208
134
40
-1
67
-1
-1
-1
-1
-1
180
138
127
-1
-1
-1
-1
-1
-1
-1
150
-1
330
-1
-1
-1
-1
-1
453
-1
-1
35
355
227
203
136
-1
-1
107
310
15
-1
-1
377
51
-1
-1
47
103
-1
-1
-1
99
-1
380
-1
61
343
-1
-1
425
-1
-1
-1
112
-1
7
292
230
111
95
-1
281
488
-1
506
3
-1
151
464
-1
-1
68
85
141
-1
-1
-1
53
30
98
-1
435
129
101
-1
-1
-1
-1
494
17
-1
28
-1
14
-1
450
-1
-1
255
130
98
-1
-1
-1
-1
26
-1
187
-1
112
226
48
-1
99
-1
-1
486
-1
-1
46
-1
425
266
15
-1
-1
-1
309
-1
-1
87
-1
-1
116
172
103
214
-1
-1
425
469
-1
-1
-1
456
304
-1
169
310
153
-1
441
69
-1
6
-1
235
100
16
12
-1
429
137
97
9
-1
195
-1
5
65
386
-1
-1
150
-1
267
-1
284
91
-1
-1
-1
-1
-1
-1
329
-1
173
-1
27
-1
-1
227
150
-1
-1
266
-1
94
-1
-1
148
345
139
-1
263
-1
-1
-1
38
-1
-1
-1
-1
492
2
501
287
-1
136
148
-1
294
-1
-1
78
-1
501
86
78
224
-1
-1
15
-1
-1
-1
-1
113
-1
254
-1
-1
26
-1
-1
-1
18
140
8
-1
426
-1
13
-1
-1
-1
227
504
312
-1
-1
71
-1
178
-1
-1
94
-1
-1
-1
-1
6
192
-1
57
-1
63
-1
-1
-1
-1
-1
98
-1
323
-1
-1
479
-1
-1
260
453
248
-1
86
-1
-1
181
-1
-1
250
-1
275
-1
-1
184
105
389
-1
76
-1
-1
-1
-1
-1
-1
-1
-1
-1
150
205
1
-1
-1
-1
-1
-1
-1
-1
-1
-1
-1
-1
488
97
-1
129
28
204
208
-1
-1
-1
284
172
-1
135
17
-1
156
-1
55
347
69
-1
374
109
5
-1
31
12
-1
-1
-1
-1
-1
-1
273
-1
-1
488
82
153
-1
304
-1
341
214
-1
43
-1
452
242
-1
-1
26
-1
-1
366
464
179
-1
-1
160
-1
-1
-1
-1
107
-1
-1
-1
481
-1
-1
-1
77
-1
-1
-1
-1
-1
-1
45
270
-1
-1
-1
-1
347
62
-1
-1
75
188
-1
-1
-1
408
-1
35
505
-1
-1
-1
478
-1
-1
465
279
159
103
-1
262
331
150
379
161
331
127
-1
127
430
-1
-1
-1
-1
-1
60
119
371
200
50
269
380
314
5
-1
-1
-1
-1
378
-1
86
66
318
-1
245
430
310
-1
-1
-1
101
-1
365
-1
241
-1
43
-1
107
-1
85
-1
-1
-1
-1
-1
-1
304
40
-1
59
62
31
137
-1
-1
362
-1
-1
346
-1
257
-1
73
216
287
-1
242
107
34
-1
368
-1
254
80
-1
-1
73
-1
329
313
138
-1
146
103
-1
47
-1
4
296
-1
-1
424
-1
-1
-1
-1
28
-1
148
-1
-1
44
-1
-1
-1
-1
249
470
-1
313
328
-1
-1
112
-1
200
-1
-1
-1
56
-1
-1
257
352
57
-1
428
168
-1
63
433
73
-1
40
35
185
-1
106
108
190
-1
117
-1
271
-1
-1
-1
-1
312
-1
339
-1
112
-1
-1
175
321
-1
-1
-1
7
162
163
