20
4
7
-1
7
14
6
9
-1
11
3
5
12
6
4
6
9
8
7
13
5
2
12
14
-1
7
2
6
14
5
51
351
3
2
6
159
-1
4
11
27
299
12
5
153
20
12
4
350
18
187
5
11
-1
6
6
4
5
5
-1
11
7
14
3
6
7
12
2
6
14
13
10
2
-1
-1
7
74
35
6
5
3
15
12
5
6
5
8
5
4
9
5
66
4
16
69
10
57
23
10
9
17
10
301
18
6
8
-1
33
22
5
3
4
14
92
9
9
7
4
6
-1
20
10
14
9
4
5
7
6
19
-1
11
2
69
8
4
9
-1
2
-1
4
-1
13
6
7
4
3
9
6
6
51
1
7
5
4
10
3
19
11
14
2
66
11
6
1
4
5
14
9
22
5
3
3
24
5
7
7
29
59
9
14
14
3
4
19
5
-1
13
5
7
7
21
19
8
3
5
2
11
12
5
8
-1
24
28
41
7
45
6
14
3
14
3
7
4
3
16
7
6
3
3
-1
5
7
43
9
145
196
6
2
6
4
2
-1
18
7
11
3
17
3
10
6
7
5
10
10
3
14
5
-1
21
2
3
6
9
8
1
13
4
6
9
8
12
9
8
-1
-1
7
6
-1
4
7
16
4
6
2
7
3
9
8
7
21
59
4
3
10
4
5
44
5
16
52
14
3
106
7
7
11
5
8
7
2
6
9
22
8
5
5
5
3
7
3
5
9
6
17
28
10
5
10
4
19
-1
7
19
-1
1
481
8
11
-1
-1
91
4
3
14
8
11
7
10
29
1
5
4
10
-1
-1
15
11
6
19
4
13
5
6
3
10
8
84
19
2
3
5
2
4
12
-1
7
5
6
3
96
12
8
3
7
21
4
4
8
4
7
2
6
2
20
8
11
16
0
3
143
9
4
11
5
18
1
18
25
11
6
10
1
4
12
7
9
8
14
6
5
35
14
7
9
36
16
2
7
2
45
4
15
6
18
25
11
13
3
11
6
13
11
7
5
5
-1
5
11
13
6
14
2
10
3
9
6
2
16
5
-1
13
4
12
13
8
5
13
6
25
6
5
48
20
7
23
6
-1
11
405
9
7
4
5
5
17
12
-1
31
4
13
3
21
5
11
13
2
6
5
11
14
8
2
1
18
4
116
2
4
9
11
15
5
4
7
12
10
9
1
11
10
8
9
8
9
-1
11
11
35
11
6
11
18
3
6
20
13
12
6
4
8
6
7
-1
-1
12
4
44
6
7
4
10
5
9
10
9
6
5
163
10
4
39
51
21
7
3
4
8
3
3
3
6
5
16
8
11
6
7
2
-1
-1
4
18
15
4
5
8
-1
7
96
10
14
7
22
13
8
5
-1
6
2
6
9
-1
2
15
251
6
21
20
10
7
-1
-1
9
2
0
3
96
8
9
10
11
15
6
6
77
8
8
7
21
4
6
11
4
5
15
11
7
3
10
4
16
12
9
4
3
18
5
4
3
8
1
13
7
5
10
14
4
7
10
7
6
4
-1
1
3
7
19
11
7
2
22
10
4
3
17
0
-1
4
14
6
20
1
61
1
1
37
3
6
14
8
16
8
8
6
23
3
-1
9
9
5
6
11
54
5
5
6
6
3
8
-1
20
15
6
2
3
99
2
2
7
9
37
19
5
5
6
16
-1
324
6
9
6
5
1
9
6
17
15
16
15
19
7
20
5
21
5
10
6
9
7
3
28
2
3
7
19
4
4
10
6
6
14
3
4
5
7
32
7
4
6
26
8
5
-1
16
-1
5
3
2
4
13
11
-1
5
3
8
-1
6
59
6
12
10
17
3
47
8
8
2
6
9
10
6
-1
3
7
12
2
9
9
6
20
2
14
12
5
6
15
8
8
13
7
8
3
-1
6
5
4
6
7
6
5
3
2
3
14
13
-1
43
8
6
12
10
8
5
126
6
4
9
8
7
17
64
-1
11
2
4
18
2
14
12
58
8
10
5
9
1
11
0
9
15
6
6
10
15
3
5
8
4
84
5
22
9
8
5
13
6
61
4
-1
7
6
9
11
7
-1
12
12
5
472
14
5
8
34
7
142
5
6
21
3
6
1
