5
2
14
6
6
9
8
22
11
6
3
3
15
9
6
3
14
10
4
2
10
6
5
-1
-1
12
7
7
-1
2
4
-1
4
3
5
487
-1
5
6
8
71
6
54
7
4
4
4
15
10
114
9
5
4
7
3
7
6
4
-1
9
6
7
7
8
4
10
2
9
13
4
6
9
6
5
10
-1
13
5
4
3
5
6
5
5
11
9
6
7
2
11
329
31
15
7
5
-1
17
4
4
7
7
208
-1
3
343
5
54
9
26
2
3
8
17
6
8
40
20
4
-1
7
13
7
4
5
4
5
6
3
7
3
3
19
8
3
-1
11
5
50
32
5
22
2
3
1
11
24
3
4
9
10
9
3
3
14
4
7
13
4
4
-1
12
2
2
2
1
2
90
8
6
6
4
7
17
11
7
-1
11
10
16
14
5
2
11
7
89
7
4
9
3
2
12
-1
38
3
2
3
3
6
9
3
17
13
38
10
20
8
17
7
6
3
5
6
13
9
3
407
6
5
8
4
5
4
19
-1
55
9
11
7
6
4
-1
135
3
12
12
7
2
11
12
7
5
8
6
6
4
5
28
20
16
5
5
5
8
7
6
3
6
4
3
-1
28
33
17
7
2
10
-1
5
6
36
3
6
6
10
1
6
8
18
9
4
3
13
10
5
12
14
100
9
7
5
9
8
7
11
11
7
11
6
15
4
10
5
5
16
46
3
6
10
4
6
4
7
20
7
10
150
2
10
13
5
5
8
8
11
3
3
5
-1
15
8
4
4
17
10
10
27
8
4
4
4
4
8
-1
8
6
16
30
13
5
10
8
7
4
9
8
-1
23
5
5
4
2
6
14
-1
3
12
46
11
10
7
18
23
6
52
4
5
6
-1
15
4
14
8
44
15
11
-1
5
18
432
15
7
13
7
6
2
17
25
9
8
24
2
11
5
6
3
14
86
6
13
5
3
5
6
306
4
11
2
7
94
36
21
6
6
10
28
6
5
3
6
4
7
10
2
-1
89
3
12
37
3
3
4
14
11
5
3
5
8
3
-1
4
2
16
13
7
19
20
5
-1
4
18
8
11
20
45
30
-1
8
184
10
10
4
7
5
13
7
12
-1
4
13
17
5
3
4
205
7
11
2
7
4
25
20
3
30
10
50
27
4
4
7
23
9
3
4
321
13
13
3
5
242
1
12
6
5
7
1
18
18
150
-1
4
9
9
11
3
5
33
6
9
8
3
8
14
-1
13
8
73
7
6
2
9
13
5
197
10
13
174
14
2
6
4
17
114
10
1
4
7
3
13
5
34
3
7
6
3
9
6
3
17
7
7
8
10
21
-1
10
13
10
-1
16
6
8
196
7
8
7
23
4
0
6
3
12
14
13
193
8
5
23
26
-1
21
8
11
7
3
13
443
99
38
13
9
16
8
25
8
6
8
5
13
4
2
2
8
7
5
18
11
10
14
5
-1
7
7
8
2
8
-1
9
9
5
3
7
8
2
11
11
12
6
13
11
2
8
10
2
6
4
-1
4
4
4
9
21
3
8
17
2
6
7
12
18
3
7
25
3
29
6
4
4
5
4
9
10
4
-1
196
7
20
-1
3
7
0
33
11
87
13
8
5
2
3
52
93
178
6
5
6
51
2
5
-1
11
8
39
-1
4
4
24
-1
1
9
4
6
7
3
8
4
21
18
5
3
6
8
11
3
15
4
21
-1
14
54
6
5
11
2
14
7
4
4
7
2
6
23
8
5
6
4
9
2
8
6
95
11
7
5
-1
2
-1
10
4
6
10
7
11
4
8
4
8
9
-1
2
8
23
13
66
177
4
7
6
5
3
6
5
17
4
7
11
18
8
11
10
78
7
10
4
7
4
4
312
3
9
3
7
6
27
2
6
14
18
7
12
7
5
4
3
11
10
-1
20
-1
11
15
22
7
5
11
18
3
11
12
4
3
9
-1
11
4
4
9
7
22
-1
-1
14
10
6
-1
7
11
0
11
-1
6
7
8
4
4
9
6
4
-1
5
30
5
8
10
46
2
12
5
15
5
1
17
8
10
-1
27
3
10
9
21
8
4
-1
3
7
36
6
15
12
5
2
