2
6
-1
18
15
2
3
80
10
5
3
3
21
7
4
2
4
7
15
11
27
7
8
3
8
18
5
4
-1
10
173
-1
8
10
16
-1
48
4
13
7
249
19
-1
1
7
12
-1
5
18
64
9
6
6
3
9
2
6
4
10
9
18
1
7
13
8
8
8
7
18
3
6
4
11
7
6
29
6
3
4
8
21
7
7
5
-1
5
8
9
12
2
9
13
5
7
38
93
6
10
11
7
18
6
-1
6
13
10
10
10
27
3
4
11
10
8
17
7
19
4
18
8
10
8
15
3
9
7
7
7
-1
9
5
20
3
3
-1
9
7
3
4
-1
9
8
5
8
6
10
17
8
5
5
8
12
4
11
3
6
10
8
9
8
12
4
1
1
6
9
22
4
6
9
13
8
8
8
16
-1
63
7
9
-1
5
8
-1
8
7
9
7
6
5
7
17
-1
17
2
4
14
4
14
5
11
6
12
3
4
10
12
8
4
6
5
5
5
5
11
8
-1
10
3
16
14
10
7
8
19
18
4
7
29
7
3
31
223
5
6
5
8
4
4
15
7
6
22
8
8
19
1
-1
6
7
17
4
4
8
4
12
2
2
5
4
29
7
14
7
7
13
5
5
3
7
-1
6
4
6
8
1
7
11
12
12
12
8
10
8
5
13
-1
13
7
6
11
27
26
4
8
36
5
6
5
5
4
9
8
9
2
9
9
2
3
7
6
16
4
26
16
7
-1
13
3
13
8
6
8
6
7
3
10
4
16
5
61
8
6
25
8
7
140
7
13
25
2
4
7
-1
8
14
0
12
16
7
4
11
10
6
12
17
-1
-1
1
5
5
3
18
5
1
2
11
12
10
199
7
8
17
6
8
8
6
8
-1
15
7
9
3
19
10
23
13
6
30
11
11
20
4
6
10
3
-1
6
16
7
10
4
12
3
7
9
39
9
11
16
72
15
4
5
23
11
8
6
10
16
21
15
3
298
14
16
204
3
15
3
8
3
6
4
13
40
2
8
43
6
15
4
4
12
123
9
3
16
4
4
6
5
9
12
-1
5
9
25
-1
5
8
6
8
15
-1
67
9
12
24
15
7
12
20
7
5
10
6
21
4
4
19
6
6
5
13
5
3
4
6
19
21
30
6
17
11
102
8
4
6
7
10
7
5
13
20
9
4
3
11
4
4
8
4
5
-1
6
3
20
5
-1
10
7
3
11
49
9
38
10
43
-1
16
4
3
199
10
4
144
6
4
3
32
6
8
-1
18
20
61
3
6
8
167
25
86
12
3
5
15
9
9
7
5
4
38
6
-1
6
8
6
9
-1
3
6
8
15
16
18
32
5
13
3
9
-1
-1
10
13
4
36
8
2
12
7
13
10
3
176
5
6
-1
47
261
-1
28
6
10
3
3
28
7
22
15
4
14
17
15
41
6
4
8
13
9
5
115
4
9
2
13
4
5
113
15
14
22
6
7
2
9
17
8
6
11
12
7
3
7
1
14
29
13
5
5
4
2
12
3
16
12
18
7
10
4
10
6
3
11
7
7
7
57
6
9
18
8
128
4
21
-1
5
23
19
11
8
6
8
7
11
2
6
13
202
4
1
-1
6
83
430
6
4
8
6
8
5
11
2
4
3
6
4
9
-1
6
6
18
-1
6
6
87
-1
3
11
4
-1
6
7
4
3
22
23
3
14
9
6
9
7
8
5
10
19
9
6
13
33
2
2
18
5
7
7
3
7
7
51
4
7
17
14
19
5
27
15
9
3
0
-1
9
-1
12
9
0
4
24
7
19
5
11
6
-1
23
-1
6
3
8
12
253
18
7
4
5
5
2
7
6
107
4
12
17
9
9
6
9
75
8
14
4
6
10
3
8
2
12
2
6
6
8
2
5
169
9
6
5
4
4
10
3
6
8
-1
14
17
11
13
11
18
197
7
4
3
12
18
2
-1
10
-1
-1
9
7
24
4
24
9
11
10
14
4
-1
4
13
4
11
55
5
3
11
3
47
12
6
13
8
1
9
11
5
4
6
4
15
11
-1
5
35
2
31
5
-1
30
-1
20
6
33
5
7
6
4
-1
13
0
11
12
16
5
