160
144
-1
-1
-1
368
42
-1
-1
-1
-1
131
-1
-1
-1
-1
-1
-1
-1
-1
-1
401
118
-1
-1
105
50
-1
-1
224
-1
-1
367
19
199
-1
-1
8
-1
184
-1
-1
-1
34
86
387
48
-1
-1
-1
90
-1
-1
260
-1
37
-1
206
-1
-1
-1
-1
-1
-1
276
-1
414
-1
-1
87
-1
57
-1
152
-1
-1
506
270
81
113
-1
-1
157
-1
-1
-1
-1
186
-1
115
-1
-1
-1
39
-1
-1
-1
-1
-1
-1
-1
-1
-1
350
-1
-1
-1
-1
-1
36
217
191
-1
-1
-1
-1
-1
103
-1
-1
472
-1
309
174
365
-1
228
141
-1
-1
134
-1
294
260
-1
-1
66
-1
44
-1
-1
-1
35
340
130
-1
-1
410
406
38
-1
-1
26
-1
44
178
-1
264
-1
-1
62
98
130
4
47
-1
-1
55
49
-1
-1
-1
-1
423
-1
-1
-1
-1
15
-1
180
510
-1
-1
-1
46
23
-1
-1
118
-1
-1
-1
-1
115
-1
-1
-1
-1
117
442
-1
-1
472
-1
450
-1
114
-1
11
255
-1
-1
-1
326
-1
-1
23
-1
-1
-1
-1
-1
-1
353
196
-1
244
-1
219
-1
-1
-1
309
-1
-1
236
-1
98
-1
-1
477
217
261
-1
63
77
-1
129
-1
-1
88
-1
-1
69
300
277
-1
477
22
-1
-1
-1
-1
480
-1
-1
509
465
-1
269
381
248
-1
14
339
37
-1
-1
140
42
-1
41
336
-1
-1
-1
61
208
-1
336
37
349
69
-1
96
292
-1
-1
-1
-1
-1
457
10
-1
112
264
-1
162
-1
390
-1
-1
35
54
-1
437
-1
-1
25
-1
-1
-1
-1
-1
-1
430
-1
-1
-1
215
-1
-1
242
108
-1
-1
-1
98
157
30
97
-1
-1
234
-1
66
-1
254
-1
-1
-1
254
-1
-1
-1
451
283
-1
132
139
61
72
201
6
-1
390
-1
206
241
-1
141
336
-1
217
-1
202
-1
-1
-1
339
69
-1
-1
-1
-1
151
-1
-1
-1
150
-1
-1
-1
160
-1
-1
339
5
-1
100
-1
-1
147
-1
5
-1
-1
-1
-1
-1
-1
108
124
-1
395
507
322
-1
-1
146
-1
-1
-1
-1
39
-1
8
34
252
212
-1
-1
250
258
39
-1
-1
215
284
28
-1
118
-1
181
134
-1
449
-1
385
22
79
-1
-1
-1
-1
-1
-1
75
-1
-1
-1
-1
-1
-1
-1
58
-1
-1
28
100
245
109
-1
-1
-1
-1
-1
-1
-1
-1
-1
76
-1
114
165
-1
-1
-1
-1
19
-1
-1
233
-1
-1
99
-1
148
-1
172
-1
-1
-1
393
121
133
-1
-1
-1
-1
-1
50
-1
2
200
-1
396
455
-1
-1
495
-1
-1
78
-1
-1
-1
194
-1
79
-1
-1
-1
111
-1
-1
-1
19
-1
-1
-1
-1
155
-1
30
-1
-1
51
300
-1
-1
-1
21
352
-1
104
-1
-1
-1
306
-1
63
-1
-1
154
217
-1
-1
324
-1
-1
150
-1
-1
-1
29
-1
-1
-1
-1
-1
-1
-1
344
-1
-1
216
138
-1
-1
-1
92
-1
-1
-1
-1
-1
-1
245
-1
124
149
142
-1
-1
-1
-1
-1
-1
-1
269
-1
-1
-1
255
-1
209
203
385
-1
91
-1
37
-1
-1
283
-1
72
-1
-1
279
142
75
-1
-1
-1
136
-1
244
-1
132
296
321
-1
-1
-1
436
444
43
71
-1
-1
-1
445
-1
-1
127
125
-1
74
14
436
-1
44
-1
35
-1
-1
-1
201
-1
32
-1
-1
220
-1
-1
67
-1
-1
-1
-1
-1
-1
-1
158
-1
220
88
-1
-1
-1
-1
-1
476
-1
-1
-1
467
-1
91
110
389
-1
44
-1
-1
-1
-1
-1
-1
179
334
-1
-1
-1
-1
-1
-1
-1
84
-1
19
-1
253
457
-1
-1
-1
-1
233
-1
165
-1
126
430
110
-1
438
433
216
105
-1
144
80
-1
57
-1
-1
-1
79
504
68
-1
317
-1
61
-1
-1
14
-1
-1
-1
-1
124
20
174
-1
241
-1
137
404
-1
509
-1
-1
-1
16
16
-1
-1
-1
379
321
393
10
-1
-1
-1
-1
0
-1
-1
374
-1
-1
-1
-1
151
194
-1
288
14
-1
-1
174
-1
-1
372
423
-1
88
223
-1
15
-1
-1
324
25
-1
21
22
-1
-1
-1
-1
-1
347
-1
-1
-1
57
-1
43
-1
-1
64
-1
-1
-1
-1
366
455
-1
373
-1
-1
-1
494
223
70
-1
-1
-1
161
224
-1
-1
468
152
171
-1
249
369
414
-1
81
-1
104
163
350
403
23
-1
-1
-1
173
-1
-1
-1
-1
-1
-1
-1
-1
-1
-1
-1
207
-1
6
-1
-1
149
-1
-1
385
163
