-1
260
-1
-1
-1
-1
114
203
-1
-1
112
12
467
245
-1
-1
258
-1
-1
-1
-1
-1
-1
-1
-1
229
323
-1
406
22
-1
-1
-1
36
-1
283
-1
197
144
-1
-1
-1
184
-1
480
75
166
-1
-1
-1
174
446
-1
110
27
-1
85
212
-1
-1
-1
-1
259
279
-1
-1
66
-1
-1
91
114
-1
-1
-1
-1
-1
-1
-1
63
19
97
419
-1
279
-1
72
-1
-1
397
58
-1
-1
-1
457
457
374
-1
-1
-1
-1
-1
9
-1
35
482
-1
-1
454
381
98
219
427
-1
240
62
-1
-1
119
-1
68
190
-1
-1
33
-1
-1
348
-1
454
120
24
-1
-1
-1
-1
-1
315
-1
-1
34
-1
49
157
285
-1
233
-1
-1
192
417
-1
-1
230
-1
7
198
-1
48
-1
-1
468
312
17
306
145
-1
73
-1
208
-1
175
-1
-1
-1
-1
-1
12
-1
187
-1
-1
224
-1
298
-1
-1
409
-1
15
45
-1
-1
-1
344
249
84
-1
257
320
-1
-1
-1
-1
52
69
95
-1
284
198
36
-1
194
-1
-1
99
-1
124
165
-1
363
34
-1
-1
-1
-1
10
303
-1
-1
179
488
-1
-1
361
24
141
12
509
472
81
-1
224
62
-1
-1
15
-1
-1
92
94
-1
-1
-1
198
112
26
213
104
90
-1
257
-1
476
-1
-1
-1
-1
67
194
-1
32
299
212
-1
8
137
-1
99
-1
-1
122
277
9
195
-1
452
-1
254
-1
-1
308
135
4
-1
-1
92
180
156
52
167
-1
-1
-1
-1
73
65
28
-1
15
-1
-1
-1
-1
-1
145
-1
488
-1
-1
-1
321
-1
-1
-1
-1
-1
75
-1
-1
-1
31
-1
-1
192
-1
-1
129
-1
63
11
24
-1
-1
-1
-1
507
-1
398
64
12
-1
-1
507
-1
-1
-1
73
390
157
104
-1
62
-1
492
-1
445
-1
-1
-1
55
-1
-1
243
282
0
-1
484
-1
-1
39
-1
-1
-1
-1
-1
-1
15
-1
459
-1
240
125
55
189
160
-1
58
332
-1
-1
214
-1
28
47
339
-1
-1
-1
-1
140
221
327
-1
-1
370
188
175
-1
144
-1
-1
-1
-1
-1
-1
-1
-1
162
18
508
454
-1
216
320
-1
393
-1
-1
-1
-1
9
-1
433
-1
31
289
-1
358
-1
176
87
-1
160
-1
102
458
352
-1
271
-1
-1
