373
23
-1
-1
-1
-1
-1
-1
273
-1
333
3
280
189
-1
-1
103
-1
-1
217
-1
-1
271
-1
-1
216
103
487
-1
129
256
-1
428
74
-1
-1
-1
33
-1
-1
-1
-1
-1
-1
-1
-1
-1
-1
-1
-1
-1
69
-1
-1
3
50
-1
115
-1
-1
-1
446
39
-1
-1
-1
132
232
97
364
13
242
54
-1
-1
-1
-1
10
326
134
-1
9
140
-1
-1
-1
261
328
-1
-1
-1
-1
-1
-1
-1
-1
211
269
492
-1
-1
367
-1
382
-1
-1
-1
-1
-1
40
355
-1
-1
279
-1
-1
-1
11
-1
110
-1
-1
-1
6
176
178
26
-1
-1
61
51
-1
-1
59
-1
-1
22
303
259
-1
-1
169
37
188
-1
-1
-1
-1
-1
7
-1
-1
208
-1
17
43
74
111
-1
-1
-1
163
141
382
161
-1
-1
406
-1
81
168
-1
-1
151
124
-1
-1
-1
174
-1
-1
345
-1
247
-1
422
181
-1
-1
-1
9
-1
-1
-1
13
-1
-1
-1
165
-1
131
-1
-1
168
131
94
-1
-1
-1
140
-1
-1
234
-1
288
-1
-1
95
-1
-1
324
-1
-1
-1
-1
198
349
-1
277
270
-1
-1
-1
233
-1
-1
68
-1
243
218
446
263
-1
-1
-1
110
-1
-1
61
14
-1
366
-1
427
136
98
-1
25
-1
508
102
-1
-1
-1
130
-1
-1
53
304
-1
163
146
118
-1
22
-1
282
-1
-1
-1
26
-1
127
-1
-1
-1
-1
312
-1
481
5
-1
93
-1
-1
121
-1
-1
80
14
-1
248
-1
-1
183
147
13
-1
73
309
-1
-1
-1
161
80
223
381
-1
-1
-1
208
408
40
144
161
348
179
-1
-1
315
-1
-1
-1
72
-1
-1
-1
363
-1
109
166
-1
46
-1
-1
-1
107
-1
383
-1
0
381
-1
-1
15
-1
53
144
17
99
100
311
-1
245
216
186
-1
-1
-1
-1
214
-1
427
-1
83
-1
1
312
267
-1
-1
-1
-1
64
-1
-1
23
71
-1
-1
-1
-1
241
-1
9
287
270
-1
47
-1
3
-1
66
-1
279
302
-1
-1
-1
-1
-1
283
-1
-1
-1
28
93
-1
-1
-1
-1
-1
-1
-1
-1
-1
-1
424
41
-1
324
-1
181
-1
-1
-1
-1
-1
-1
-1
41
-1
-1
-1
56
8
-1
-1
-1
258
49
268
-1
-1
-1
-1
-1
-1
-1
-1
-1
-1
-1
-1
-1
-1
-1
-1
-1
411
-1
-1
429
422
333
-1
-1
-1
-1
269
-1
150
159
-1
-1
-1
-1
-1
-1
348
145
171
-1
26
-1
-1
140
433
403
-1
-1
155
-1
-1
-1
-1
16
226
298
166
-1
461
-1
-1
181
100
-1
-1
-1
-1
-1
16
-1
-1
73
-1
-1
-1
319
-1
-1
92
-1
-1
43
-1
-1
304
-1
2
31
-1
