36
8
-1
26
13
-1
6
7
-1
3
9
2
13
3
7
6
8
35
12
10
8
13
104
-1
7
12
13
4
390
5
33
4
6
2
19
156
86
3
6
17
20
31
-1
15
2
5
2
25
5
240
16
13
11
3
6
6
4
4
14
4
11
13
5
1
5
4
4
4
12
2
3
10
9
-1
7
28
23
4
2
4
20
3
5
7
60
4
4
4
13
12
89
23
29
8
7
-1
19
10
3
34
7
201
23
5
13
15
53
6
12
6
5
4
17
7
216
10
10
5
-1
9
7
7
8
5
6
7
3
9
-1
14
3
320
5
4
5
3
3
13
10
1
77
8
3
2
5
17
34
7
1
7
4
7
3
24
6
3
3
9
17
7
2
5
2
6
2
7
25
6
2
12
8
-1
7
3
4
19
8
8
7
17
5
10
5
5
43
12
4
11
5
4
149
17
-1
5
0
4
18
7
11
9
8
4
24
5
5
6
12
1
10
1
15
9
9
42
3
-1
2
3
8
5
7
42
10
25
81
3
6
6
5
6
-1
191
7
16
7
13
6
7
9
5
8
4
4
29
12
4
-1
24
11
6
6
13
7
8
5
6
2
10
2
68
12
10
14
-1
7
1
3
5
5
215
7
16
3
10
1
6
5
-1
90
16
3
8
11
4
9
29
7
8
9
7
3
12
4
451
70
7
8
11
10
4
13
6
14
12
6
8
5
10
5
6
51
25
14
7
10
-1
3
11
12
10
7
7
5
7
450
7
3
21
12
401
10
5
11
4
15
-1
17
14
8
15
5
11
5
8
13
5
2
-1
6
7
9
5
9
10
92
4
32
156
7
8
2
15
5
28
7
6
-1
10
-1
3
4
5
4
6
2
10
9
-1
9
10
10
11
4
3
7
12
4
17
16
16
21
6
6
7
6
-1
8
5
5
-1
2
37
12
9
4
56
12
10
5
9
-1
6
9
2
6
8
2
3
23
46
22
8
283
8
11
8
5
9
5
3
4
15
3
-1
485
8
16
6
6
13
10
131
7
13
9
2
17
394
-1
6
4
12
-1
-1
17
12
14
-1
9
6
15
11
14
37
12
-1
11
49
4
3
7
10
9
11
17
-1
-1
17
5
3
6
1
4
47
5
2
9
45
13
19
10
7
14
14
129
5
1
4
6
15
9
8
4
-1
5
4
4
10
16
7
13
3
14
106
9
8
-1
-1
15
10
1
2
3
13
9
33
13
-1
6
4
6
216
11
60
2
483
6
6
3
9
28
125
17
15
12
9
19
7
8
38
95
80
10
3
2
8
3
16
3
4
9
12
1
12
4
9
4
148
14
6
5
21
4
14
8
17
7
9
8
7
7
-1
16
10
1
12
6
5
7
10
19
4
4
8
8
24
23
21
4
26
19
5
6
3
7
189
21
-1
16
6
29
20
9
13
9
9
5
18
5
2
37
3
12
8
19
5
2
9
9
-1
6
11
6
5
4
7
14
17
7
7
12
7
2
6
34
6
11
9
6
1
5
-1
8
5
9
22
6
8
6
5
3
4
5
14
11
-1
111
10
8
22
7
14
2
8
10
5
16
-1
4
9
3
10
-1
130
12
4
-1
58
6
5
29
433
3
3
18
3
5
21
14
61
34
3
7
28
22
5
12
-1
11
8
15
-1
6
3
36
10
-1
7
4
13
3
4
7
4
15
8
4
12
10
8
19
7
18
2
19
11
-1
2
15
22
49
2
6
11
13
5
3
2
6
12
5
4
39
5
14
7
5
5
11
4
6
-1
19
-1
18
8
3
5
7
3
6
5
7
6
352
3
-1
3
10
16
12
144
51
7
5
5
5
3
5
2
-1
5
3
5
17
4
3
9
57
7
7
7
2
6
22
15
5
12
5
8
11
10
3
2
32
1
10
14
6
3
7
7
4
3
4
16
-1
4
19
6
71
8
14
2
8
10
12
4
-1
10
-1
6
5
9
6
2
7
8
9
14
6
7
7
5
8
4
10
-1
9
7
6
6
5
2
13
12
9
4
86
2
30
5
73
1
2
5
1
5
23
3
9
10
103
36
8
8
9
12
12
3
8
8
-1
7
7
-1
9
1
3
