15
4
6
106
11
10
5
17
-1
11
5
3
10
7
8
8
6
-1
2
13
18
10
4
17
11
57
5
13
265
1
81
-1
3
4
10
25
-1
3
101
7
16
6
-1
4
6
5
8
10
10
11
7
4
13
4
6
5
12
4
68
7
19
20
10
7
7
5
2
9
21
5
7
6
10
443
4
80
6
7
3
5
16
7
5
6
22
6
4
7
3
6
9
16
4
11
15
-1
11
5
176
13
4
48
5
3
355
-1
9
11
37
4
6
8
25
8
3
44
57
3
-1
12
9
2
23
3
9
27
13
11
-1
21
7
167
6
4
6
1
2
9
3
19
491
2
1
5
12
4
174
4
10
6
9
5
3
12
3
441
17
14
4
-1
10
1
8
3
4
17
6
10
1
4
3
-1
7
6
5
-1
14
8
9
230
4
7
-1
7
2
3
5
4
3
10
36
-1
17
4
4
4
8
6
6
111
2
10
13
6
21
8
3
3
-1
6
3
11
6
5
7
7
5
3
13
8
2
5
16
47
9
3
6
20
5
7
12
19
8
14
5
14
4
23
2
3
3
6
17
6
22
4
-1
35
3
8
4
5
19
6
3
4
6
11
1
176
16
62
-1
19
9
7
9
6
12
-1
5
21
5
2
3
3
9
5
15
8
4
11
4
10
65
8
9
6
5
14
3
2
7
15
21
7
8
12
4
2
5
5
-1
7
13
7
7
5
1
13
8
10
154
3
7
-1
32
11
17
7
9
9
10
5
13
9
8
-1
8
-1
13
10
2
7
6
-1
25
3
4
3
2
8
8
9
10
9
4
13
13
18
9
7
2
13
295
89
18
4
4
2
6
6
5
56
5
6
368
6
32
5
9
13
5
22
4
113
4
-1
10
4
6
6
-1
-1
15
-1
2
13
4
8
5
9
7
10
3
-1
3
8
10
21
1
37
3
5
4
14
7
4
3
14
32
4
5
12
2
2
2
40
38
41
4
8
113
9
400
8
2
18
6
9
2
6
4
1
-1
8
-1
20
3
7
5
7
16
29
4
3
40
4
-1
6
6
15
5
-1
-1
12
4
133
9
6
26
14
7
19
29
-1
5
17
12
3
3
59
2
3
9
42
39
7
9
4
17
13
7
13
4
4
4
18
5
12
2
6
17
6
22
2
6
18
5
4
4
11
5
29
10
11
2
7
317
5
6
9
32
32
10
8
26
3
9
8
10
6
5
14
5
11
5
-1
-1
16
6
-1
10
18
8
84
23
5
7
7
51
10
5
6
6
79
4
13
3
29
31
41
-1
5
17
18
8
19
10
145
3
13
6
71
7
7
4
15
8
4
6
5
4
15
7
16
4
3
7
18
11
-1
1
7
6
29
9
4
9
8
9
4
11
72
21
6
27
8
6
-1
299
3
10
4
4
12
30
-1
19
3
12
5
7
3
4
6
7
4
3
2
11
6
13
5
13
4
2
5
8
-1
15
5
5
1
5
8
6
6
20
7
8
4
3
7
-1
14
22
8
2
5
6
13
3
11
7
12
4
8
3
8
7
3
6
18
3
9
39
7
14
10
6
-1
3
14
335
11
14
8
3
13
7
16
10
11
7
10
5
20
5
2
39
482
9
16
12
5
10
12
9
12
18
6
4
15
6
3
6
430
4
4
8
14
6
6
-1
17
22
9
12
136
1
7
11
1
12
9
6
3
77
4
7
6
8
6
18
7
17
21
5
18
3
6
10
38
7
4
6
4
5
53
11
2
5
2
21
8
29
16
6
8
3
8
-1
8
18
13
1
6
7
-1
5
7
9
7
462
6
-1
9
5
10
11
-1
28
6
2
11
3
9
7
2
-1
3
9
15
16
18
5
7
42
12
4
3
8
6
35
221
6
14
4
348
8
15
4
5
177
4
10
7
5
3
10
5
2
6
-1
24
-1
5
4
8
101
4
2
3
6
11
11
2
14
14
-1
6
2
6
5
5
13
5
29
5
8
7
496
3
-1
2
8
-1
14
9
4
4
19
10
7
9
5
7
5
8
12
4
91
5
4
6
17
5
2
10
114
13
8
6
10
5
-1
12
7
-1
166
8
-1
6
8
13
7
10
3
